5,   from S2-SRF_COPE-GSEG-EOPG-TN-15-0007_3.0.xlsx (column S2B_SR_AV_B5)
Number of data points:
23
Wavenumber (cm-1)   Filter response
    13986.014000       0.000000
    14005.602200       0.002437
    14025.245400       0.034020
    14044.943800       0.180611
    14064.697600       0.504134
    14084.507000       0.767248
    14104.372400       0.894557
    14124.293800       0.926720
    14144.271600       0.942369
    14164.305900       0.959528
    14184.397200       0.970911
    14204.545500       0.979409
    14224.751100       0.987602
    14245.014200       0.995093
    14265.335200       1.000000
    14285.714300       0.991242
    14306.151600       0.968447
    14326.647600       0.871044
    14347.202300       0.547189
    14367.816100       0.214725
    14388.489200       0.057253
    14409.221900       0.010472
    14430.014400       0.000000
