10,   from S2-SRF_COPE-GSEG-EOPG-TN-15-0007_3.0.xlsx (column S2B_SR_AV_B9)
Number of data points:
30
Wavenumber (cm-1)   Filter response
    10438.413400       0.000000
    10449.320800       0.003433
    10460.251000       0.026388
    10471.204200       0.094801
    10482.180300       0.269749
    10493.179400       0.523691
    10504.201700       0.718536
    10515.247100       0.836538
    10526.315800       0.855136
    10537.407800       0.887003
    10548.523200       0.909974
    10559.662100       0.945788
    10570.824500       0.950412
    10582.010600       0.973777
    10593.220300       0.958969
    10604.453900       0.974192
    10615.711300       0.986378
    10626.992600       1.000000
    10638.297900       0.997445
    10649.627300       0.989804
    10660.980800       0.957293
    10672.358600       0.941429
    10683.760700       0.933378
    10695.187200       0.837342
    10706.638100       0.606574
    10718.113600       0.358642
    10729.613700       0.151408
    10741.138600       0.046022
    10752.688200       0.012121
    10764.262600       0.000000
