8,   from S2-SRF_COPE-GSEG-EOPG-TN-15-0007_3.0.xlsx (column S2B_SR_AV_B8)
Number of data points:
136
Wavenumber (cm-1)   Filter response
    11013.215900       0.000000
    11025.358300       0.006133
    11037.527600       0.014846
    11049.723800       0.024240
    11061.946900       0.038006
    11074.197100       0.056162
    11086.474500       0.083463
    11098.779100       0.122383
    11111.111100       0.174245
    11123.470500       0.235015
    11135.857500       0.301788
    11148.272000       0.369456
    11160.714300       0.418240
    11173.184400       0.440183
    11185.682300       0.447533
    11198.208300       0.445582
    11210.762300       0.443120
    11223.344600       0.445849
    11235.955100       0.456107
    11248.593900       0.469610
    11261.261300       0.488042
    11273.957200       0.505572
    11286.681700       0.522276
    11299.435000       0.531955
    11312.217200       0.537997
    11325.028300       0.539852
    11337.868500       0.541895
    11350.737800       0.542536
    11363.636400       0.545858
    11376.564300       0.549385
    11389.521600       0.556831
    11402.508600       0.561891
    11415.525100       0.569722
    11428.571400       0.575656
    11441.647600       0.578302
    11454.753700       0.579295
    11467.889900       0.579604
    11481.056300       0.577804
    11494.252900       0.575418
    11507.479900       0.572213
    11520.737300       0.570861
    11534.025400       0.571025
    11547.344100       0.569291
    11560.693600       0.570993
    11574.074100       0.572400
    11587.485500       0.576655
    11600.928100       0.574805
    11614.401900       0.580137
    11627.907000       0.581494
    11641.443500       0.582889
    11655.011700       0.585187
    11668.611400       0.588092
    11682.243000       0.594983
    11695.906400       0.603233
    11709.601900       0.614006
    11723.329400       0.628654
    11737.089200       0.643730
    11750.881300       0.657553
    11764.705900       0.674039
    11778.563000       0.688575
    11792.452800       0.699439
    11806.375400       0.712901
    11820.331000       0.722498
    11834.319500       0.733776
    11848.341200       0.743325
    11862.396200       0.753877
    11876.484600       0.764575
    11890.606400       0.770832
    11904.761900       0.777592
    11918.951100       0.780065
    11933.174200       0.781774
    11947.431300       0.781701
    11961.722500       0.781443
    11976.047900       0.780380
    11990.407700       0.781644
    12004.801900       0.782719
    12019.230800       0.783070
    12033.694300       0.783810
    12048.192800       0.781725
    12062.726200       0.769900
    12077.294700       0.761800
    12091.898400       0.750211
    12106.537500       0.738324
    12121.212100       0.726528
    12135.922300       0.718941
    12150.668300       0.713866
    12165.450100       0.719323
    12180.268000       0.727236
    12195.122000       0.742309
    12210.012200       0.754167
    12224.938900       0.767839
    12239.902100       0.783270
    12254.902000       0.791980
    12269.938700       0.803716
    12285.012300       0.810956
    12300.123000       0.814333
    12315.270900       0.824301
    12330.456200       0.836447
    12345.679000       0.852648
    12360.939400       0.873038
    12376.237600       0.893249
    12391.573700       0.914684
    12406.947900       0.929937
    12422.360200       0.942133
    12437.810900       0.946461
    12453.300100       0.948383
    12468.827900       0.944167
    12484.394500       0.947055
    12500.000000       0.951650
    12515.644600       0.958222
    12531.328300       0.968190
    12547.051400       0.982941
    12562.814100       0.989253
    12578.616400       0.998489
    12594.458400       0.998258
    12610.340500       1.000000
    12626.262600       0.996362
    12642.225000       0.991636
    12658.227800       0.979862
    12674.271200       0.963881
    12690.355300       0.948239
    12706.480300       0.944959
    12722.646300       0.939675
    12738.853500       0.904985
    12755.102000       0.803109
    12771.392100       0.631698
    12787.723800       0.425108
    12804.097300       0.258429
    12820.512800       0.149597
    12836.970500       0.086264
    12853.470400       0.050288
    12870.012900       0.028340
    12886.597900       0.016692
    12903.225800       0.003018
    12919.896600       0.000387
    12936.610600       0.000000
