9,   from S2-SRF_COPE-GSEG-EOPG-TN-15-0007_3.0.xlsx (column S2B_SR_AV_B8A)
Number of data points:
35
Wavenumber (cm-1)   Filter response
    11350.737800       0.000000
    11363.636400       0.001624
    11376.564300       0.015809
    11389.521600       0.033393
    11402.508600       0.079045
    11415.525100       0.184668
    11428.571400       0.377361
    11441.647600       0.597363
    11454.753700       0.778589
    11467.889900       0.894185
    11481.056300       0.941871
    11494.252900       0.958195
    11507.479900       0.966320
    11520.737300       0.972819
    11534.025400       0.975090
    11547.344100       0.979827
    11560.693600       0.983157
    11574.074100       0.987807
    11587.485500       0.994482
    11600.928100       1.000000
    11614.401900       0.999788
    11627.907000       0.998964
    11641.443500       0.994409
    11655.011700       0.987241
    11668.611400       0.980943
    11682.243000       0.937581
    11695.906400       0.796350
    11709.601900       0.569417
    11723.329400       0.345506
    11737.089200       0.168938
    11750.881300       0.073411
    11764.705900       0.032254
    11778.563000       0.016026
    11792.452800       0.001662
    11806.375400       0.000000
