1,   from S2-SRF_COPE-GSEG-EOPG-TN-15-0007_3.0.xlsx (column S2B_SR_AV_B1)
Number of data points:
48
Wavenumber (cm-1)   Filter response
    21881.838100       0.000000
    21929.824600       0.008935
    21978.022000       0.030542
    22026.431700       0.108528
    22075.055200       0.306766
    22123.893800       0.601561
    22172.949000       0.809016
    22222.222200       0.885489
    22271.714900       0.923745
    22321.428600       0.954175
    22371.364700       0.964050
    22421.524700       0.976368
    22471.910100       1.000000
    22522.522500       0.999546
    22573.363400       0.969032
    22624.434400       0.953972
    22675.737000       0.950410
    22727.272700       0.945963
    22779.043300       0.933421
    22831.050200       0.918669
    22883.295200       0.899393
    22935.779800       0.881448
    22988.505700       0.871236
    23041.474700       0.847259
    23094.688200       0.730161
    23148.148100       0.459107
    23201.856100       0.188722
    23255.814000       0.050622
    23310.023300       0.012991
    23364.486000       0.004595
    23419.203700       0.002384
    23474.178400       0.002587
    23529.411800       0.003387
    23584.905700       0.005213
    23640.661900       0.003176
    23696.682500       0.002118
    23752.969100       0.000622
    23809.523800       0.002532
    23866.348400       0.004394
    23923.445000       0.006264
    23980.815300       0.004334
    24038.461500       0.007130
    24096.385500       0.005883
    24154.589400       0.006568
    24213.075100       0.004208
    24271.844700       0.010996
    24330.900200       0.006798
    24390.243900       0.000000
